Mode,SimulationRun,Checkpoints,MMASIterations,LocalIterations,BestTourLength,BestTourNodes
AddNodesDynamically,0,4,35,35,242.641902923584,5
AddNodesDynamically,0,5,69,34,249.890594482422,6
AddNodesDynamically,0,6,114,45,251.52746963501,7
AddNodesDynamically,0,7,161,47,256.485106468201,8
AddNodesDynamically,0,8,220,59,304.775671958923,9
AddNodesDynamically,0,9,429,209,309.19145488739,10
AddNodesDynamically,0,10,1429,1000,353.524147987366,11
AddNodesDynamically,0,11,1516,87,354.747114181519,12
AddNodesDynamically,0,12,1580,64,358.894552230835,13
AddNodesDynamically,0,13,1651,71,363.949505805969,14
AddNodesDynamically,0,14,1708,57,387.338122367859,15
AddNodesDynamically,1,4,32,32,237.005370140076,5
AddNodesDynamically,1,5,71,39,237.522614479065,6
AddNodesDynamically,1,6,108,37,259.843945503235,7
AddNodesDynamically,1,7,145,37,271.45872592926,8
AddNodesDynamically,1,8,190,45,280.81810092926,9
AddNodesDynamically,1,9,240,50,291.75466632843,10
AddNodesDynamically,1,10,298,58,312.302221298218,11
AddNodesDynamically,1,11,381,83,315.559898376465,12
AddNodesDynamically,1,12,449,68,333.683016777039,13
AddNodesDynamically,1,13,523,74,339.208373069763,14
AddNodesDynamically,1,14,686,163,352.72061920166,15
AddNodesDynamically,2,4,38,38,263.193134307861,5
AddNodesDynamically,2,5,185,147,265.939027786255,6
AddNodesDynamically,2,6,238,53,267.415286064148,7
AddNodesDynamically,2,7,288,50,287.889449119568,8
AddNodesDynamically,2,8,338,50,321.903695106506,9
AddNodesDynamically,2,9,434,96,327.499255180359,10
AddNodesDynamically,2,10,494,60,330.802700042725,11
AddNodesDynamically,2,11,584,90,337.052089691162,12
AddNodesDynamically,2,12,638,54,339.000455856323,13
AddNodesDynamically,2,13,702,64,347.24306678772,14
AddNodesDynamically,2,14,757,55,367.429395675659,15
AddNodesDynamically,3,4,32,32,222.502680301666,5
AddNodesDynamically,3,5,66,34,222.940935611725,6
AddNodesDynamically,3,6,106,40,243.575953006744,7
AddNodesDynamically,3,7,151,45,272.124266147614,8
AddNodesDynamically,3,8,200,49,272.35254907608,9
AddNodesDynamically,3,9,245,45,289.210115909576,10
AddNodesDynamically,3,10,637,392,300.846611499786,11
AddNodesDynamically,3,11,794,157,313.612102985382,12
AddNodesDynamically,3,12,1325,531,319.534623622894,13
AddNodesDynamically,3,13,1385,60,321.398570537567,14
AddNodesDynamically,3,14,1449,64,345.988194942474,15
AddNodesDynamically,4,4,575,575,137.559715270996,5
AddNodesDynamically,4,5,620,45,201.191365242004,6
AddNodesDynamically,4,6,674,54,211.223044395447,7
AddNodesDynamically,4,7,715,41,212.930190086365,8
AddNodesDynamically,4,8,764,49,217.18445110321,9
AddNodesDynamically,4,9,812,48,219.221821784973,10
AddNodesDynamically,4,10,863,51,220.652087211609,11
AddNodesDynamically,4,11,912,49,226.619591712952,12
AddNodesDynamically,4,12,962,50,250.683989524841,13
AddNodesDynamically,4,13,1005,43,250.683989286423,14
AddNodesDynamically,4,14,1053,48,251.462040185928,15
AddNodesDynamically,5,4,32,32,149.337509155273,5
AddNodesDynamically,5,5,85,53,211.800189971924,6
AddNodesDynamically,5,6,130,45,220.335954666138,7
AddNodesDynamically,5,7,168,38,220.389902114868,8
AddNodesDynamically,5,8,213,45,220.857179641724,9
AddNodesDynamically,5,9,270,57,230.733494758606,10
AddNodesDynamically,5,10,328,58,275.236310005188,11
AddNodesDynamically,5,11,383,55,303.251984596252,12
AddNodesDynamically,5,12,443,60,308.992339134216,13
AddNodesDynamically,5,13,509,66,314.232930183411,14
AddNodesDynamically,5,14,566,57,327.946759223938,15
AddNodesDynamically,6,4,32,32,230.020239830017,5
AddNodesDynamically,6,5,66,34,239.827142715454,6
AddNodesDynamically,6,6,102,36,289.143301010132,7
AddNodesDynamically,6,7,153,51,292.678787231445,8
AddNodesDynamically,6,8,192,39,315.150968551636,9
AddNodesDynamically,6,9,235,43,315.603223800659,10
AddNodesDynamically,6,10,285,50,341.10396194458,11
AddNodesDynamically,6,11,345,60,343.834265232086,12
AddNodesDynamically,6,12,399,54,343.875023365021,13
AddNodesDynamically,6,13,447,48,344.335155963898,14
AddNodesDynamically,6,14,495,48,350.627268314362,15
AddNodesDynamically,7,4,32,32,203.034818172455,5
AddNodesDynamically,7,5,74,42,238.120198726654,6
AddNodesDynamically,7,6,128,54,238.457183361053,7
AddNodesDynamically,7,7,178,50,260.055316448212,8
AddNodesDynamically,7,8,234,56,281.640006542206,9
AddNodesDynamically,7,9,329,95,294.822692394257,10
AddNodesDynamically,7,10,387,58,298.521605014801,11
AddNodesDynamically,7,11,478,91,313.48207616806,12
AddNodesDynamically,7,12,570,92,314.675320148468,13
AddNodesDynamically,7,13,623,53,317.875936985016,14
AddNodesDynamically,7,14,682,59,322.172998905182,15
AddNodesDynamically,8,4,32,32,329.693035125732,5
AddNodesDynamically,8,5,66,34,329.747786521912,6
AddNodesDynamically,8,6,103,37,342.280299186707,7
AddNodesDynamically,8,7,155,52,359.848307609558,8
AddNodesDynamically,8,8,208,53,364.348258018494,9
AddNodesDynamically,8,9,249,41,366.244916915894,10
AddNodesDynamically,8,10,289,40,366.633577346802,11
AddNodesDynamically,8,11,330,41,372.583539962769,12
AddNodesDynamically,8,12,377,47,380.83770275116,13
AddNodesDynamically,8,13,425,48,380.898564338684,14
AddNodesDynamically,8,14,472,47,399.807377815247,15
AddNodesDynamically,9,4,32,32,260.057699203491,5
AddNodesDynamically,9,5,70,38,265.940084457397,6
AddNodesDynamically,9,6,105,35,267.055196762085,7
AddNodesDynamically,9,7,142,37,283.748731613159,8
AddNodesDynamically,9,8,193,51,292.304773330688,9
AddNodesDynamically,9,9,262,69,292.30539894104,10
AddNodesDynamically,9,10,314,52,299.639561653137,11
AddNodesDynamically,9,11,365,51,313.725080490112,12
AddNodesDynamically,9,12,479,114,320.48380279541,13
AddNodesDynamically,9,13,531,52,325.952233314514,14
AddNodesDynamically,9,14,585,54,335.346743583679,15
AddNodesDynamically,10,4,34,34,231.971895575523,5
AddNodesDynamically,10,5,68,34,236.395966410637,6
AddNodesDynamically,10,6,106,38,263.868615031242,7
AddNodesDynamically,10,7,147,41,269.397133708,8
AddNodesDynamically,10,8,188,41,269.577954173088,9
AddNodesDynamically,10,9,234,46,269.595044016838,10
AddNodesDynamically,10,10,277,43,292.917126536369,11
AddNodesDynamically,10,11,321,44,297.971772074699,12
AddNodesDynamically,10,12,363,42,298.02843940258,13
AddNodesDynamically,10,13,405,42,314.386860728264,14
AddNodesDynamically,10,14,460,55,326.69167983532,15
AddNodesDynamically,11,4,59,59,210.301628112793,5
AddNodesDynamically,11,5,104,45,214.620721817017,6
AddNodesDynamically,11,6,156,52,214.648996353149,7
AddNodesDynamically,11,7,200,44,269.698078155518,8
AddNodesDynamically,11,8,299,99,275.070129394531,9
AddNodesDynamically,11,9,360,61,314.990491867065,10
AddNodesDynamically,11,10,452,92,321.321357727051,11
AddNodesDynamically,11,11,560,108,330.956436157227,12
AddNodesDynamically,11,12,659,99,334.4761095047,13
AddNodesDynamically,11,13,727,68,334.481614589691,14
AddNodesDynamically,11,14,792,65,334.611876964569,15
AddNodesDynamically,12,4,32,32,190.387932777405,5
AddNodesDynamically,12,5,71,39,282.45299243927,6
AddNodesDynamically,12,6,105,34,335.027737617493,7
AddNodesDynamically,12,7,144,39,339.516011238098,8
AddNodesDynamically,12,8,184,40,340.347640037537,9
AddNodesDynamically,12,9,226,42,345.016512870789,10
AddNodesDynamically,12,10,268,42,347.197878837585,11
AddNodesDynamically,12,11,312,44,347.862708091736,12
AddNodesDynamically,12,12,356,44,351.18211555481,13
AddNodesDynamically,12,13,402,46,363.986724853516,14
AddNodesDynamically,12,14,451,49,373.514901161194,15
AddNodesDynamically,13,4,32,32,190.288146972656,5
AddNodesDynamically,13,5,66,34,237.959217071533,6
AddNodesDynamically,13,6,101,35,241.566444396973,7
AddNodesDynamically,13,7,138,37,241.712219238281,8
AddNodesDynamically,13,8,176,38,248.53175163269,9
AddNodesDynamically,13,9,223,47,261.300722122192,10
AddNodesDynamically,13,10,264,41,261.872111320496,11
AddNodesDynamically,13,11,306,42,261.90035533905,12
AddNodesDynamically,13,12,352,46,262.272846221924,13
AddNodesDynamically,13,13,398,46,285.619277000427,14
AddNodesDynamically,13,14,445,47,300.462620735168,15
AddNodesDynamically,14,4,35,35,273.130695343018,5
AddNodesDynamically,14,5,71,36,277.299175262451,6
AddNodesDynamically,14,6,112,41,282.903437614441,7
AddNodesDynamically,14,7,172,60,288.512910842896,8
AddNodesDynamically,14,8,233,61,288.616258621216,9
AddNodesDynamically,14,9,295,62,301.061231613159,10
AddNodesDynamically,14,10,343,48,312.007665634155,11
AddNodesDynamically,14,11,385,42,312.064029693604,12
AddNodesDynamically,14,12,441,56,319.255451202393,13
AddNodesDynamically,14,13,499,58,319.533548355103,14
AddNodesDynamically,14,14,560,61,372.253680229187,15
AddNodesDynamically,15,4,32,32,213.290828704834,5
AddNodesDynamically,15,5,117,85,216.147029876709,6
AddNodesDynamically,15,6,252,135,267.14150428772,7
AddNodesDynamically,15,7,347,95,281.53280878067,8
AddNodesDynamically,15,8,406,59,344.863070011139,9
AddNodesDynamically,15,9,551,145,352.326704502106,10
AddNodesDynamically,15,10,732,181,354.532095432281,11
AddNodesDynamically,15,11,819,87,354.58978509903,12
AddNodesDynamically,15,12,886,67,355.793193817139,13
AddNodesDynamically,15,13,949,63,355.864666461945,14
AddNodesDynamically,15,14,1014,65,356.025913715363,15
AddNodesDynamically,16,4,48,48,231.388010978699,5
AddNodesDynamically,16,5,100,52,252.755856513977,6
AddNodesDynamically,16,6,142,42,254.651278495789,7
AddNodesDynamically,16,7,216,74,256.560221672058,8
AddNodesDynamically,16,8,262,46,267.164629936218,9
AddNodesDynamically,16,9,316,54,268.011843681335,10
AddNodesDynamically,16,10,380,64,272.942651748657,11
AddNodesDynamically,16,11,442,62,273.117918491364,12
AddNodesDynamically,16,12,518,76,297.874573230743,13
AddNodesDynamically,16,13,654,136,307.940399646759,14
AddNodesDynamically,16,14,737,83,308.351943016052,15
AddNodesDynamically,17,4,32,32,190.288146972656,5
AddNodesDynamically,17,5,65,33,237.959217071533,6
AddNodesDynamically,17,6,103,38,241.566444396973,7
AddNodesDynamically,17,7,140,37,241.712219238281,8
AddNodesDynamically,17,8,178,38,248.53175163269,9
AddNodesDynamically,17,9,222,44,261.300722122192,10
AddNodesDynamically,17,10,262,40,261.872111320496,11
AddNodesDynamically,17,11,307,45,261.90035533905,12
AddNodesDynamically,17,12,353,46,262.272846221924,13
AddNodesDynamically,17,13,407,54,285.619277000427,14
AddNodesDynamically,17,14,455,48,300.462620735168,15
AddNodesDynamically,18,4,32,32,267.616687774658,5
AddNodesDynamically,18,5,66,34,268.484021186829,6
AddNodesDynamically,18,6,102,36,268.844058036804,7
AddNodesDynamically,18,7,144,42,273.834865093231,8
AddNodesDynamically,18,8,189,45,287.731830120087,9
AddNodesDynamically,18,9,237,48,310.768549442291,10
AddNodesDynamically,18,10,292,55,310.888178825378,11
AddNodesDynamically,18,11,341,49,314.082983970642,12
AddNodesDynamically,18,12,391,50,314.574782371521,13
AddNodesDynamically,18,13,442,51,316.510249137878,14
AddNodesDynamically,18,14,492,50,317.508013725281,15
AddNodesDynamically,19,4,32,32,197.938361167908,5
AddNodesDynamically,19,5,66,34,198.157851219177,6
AddNodesDynamically,19,6,101,35,213.881329536438,7
AddNodesDynamically,19,7,141,40,221.224173545837,8
AddNodesDynamically,19,8,184,43,238.876572608948,9
AddNodesDynamically,19,9,225,41,246.251068115234,10
AddNodesDynamically,19,10,298,73,286.335519790649,11
AddNodesDynamically,19,11,401,103,284.740999221802,12
AddNodesDynamically,19,12,494,93,287.215686798096,13
AddNodesDynamically,19,13,565,71,288.126389026642,14
AddNodesDynamically,19,14,634,69,363.894954204559,15
AddNodesDynamically,20,4,32,32,197.938361167908,5
AddNodesDynamically,20,5,66,34,198.157851219177,6
AddNodesDynamically,20,6,101,35,213.881329536438,7
AddNodesDynamically,20,7,138,37,221.224173545837,8
AddNodesDynamically,20,8,176,38,238.876572608948,9
AddNodesDynamically,20,9,217,41,246.251068115234,10
AddNodesDynamically,20,10,303,86,284.657519340515,11
AddNodesDynamically,20,11,370,67,284.740999221802,12
AddNodesDynamically,20,12,430,60,287.215686798096,13
AddNodesDynamically,20,13,494,64,288.126389026642,14
AddNodesDynamically,20,14,592,98,363.894954204559,15
AddNodesDynamically,21,4,32,32,132.303081512451,5
AddNodesDynamically,21,5,70,38,195.09351348877,6
AddNodesDynamically,21,6,105,35,195.392391204834,7
AddNodesDynamically,21,7,145,40,207.667320251465,8
AddNodesDynamically,21,8,531,386,229.111203193665,9
AddNodesDynamically,21,9,578,47,251.230906486511,10
AddNodesDynamically,21,10,638,60,251.817959785461,11
AddNodesDynamically,21,11,713,75,299.090992927551,12
AddNodesDynamically,21,12,791,78,299.69565820694,13
AddNodesDynamically,21,13,1165,374,300.833651065826,14
AddNodesDynamically,21,14,1236,71,308.55190038681,15
AddNodesDynamically,22,4,32,32,208.566066741943,5
AddNodesDynamically,22,5,66,34,208.566528320313,6
AddNodesDynamically,22,6,101,35,209.864400863647,7
AddNodesDynamically,22,7,138,37,224.731906890869,8
AddNodesDynamically,22,8,176,38,233.584769248962,9
AddNodesDynamically,22,9,223,47,256.108883857727,10
AddNodesDynamically,22,10,268,45,263.877882003784,11
AddNodesDynamically,22,11,311,43,283.963319778442,12
AddNodesDynamically,22,12,791,480,297.061926841736,13
AddNodesDynamically,22,13,970,179,298.390600204468,14
AddNodesDynamically,22,14,1027,57,307.318486213684,15
AddNodesDynamically,23,4,39,39,240.236192703247,5
AddNodesDynamically,23,5,79,40,247.146679878235,6
AddNodesDynamically,23,6,132,53,282.528409004211,7
AddNodesDynamically,23,7,188,56,282.813597679138,8
AddNodesDynamically,23,8,232,44,290.187779426575,9
AddNodesDynamically,23,9,278,46,294.792827129364,10
AddNodesDynamically,23,10,326,48,310.460361003876,11
AddNodesDynamically,23,11,371,45,323.447698116302,12
AddNodesDynamically,23,12,425,54,324.364075183868,13
AddNodesDynamically,23,13,474,49,334.823456287384,14
AddNodesDynamically,23,14,537,63,379.156857013702,15
AddNodesDynamically,24,4,32,32,233.298788070679,5
AddNodesDynamically,24,5,74,42,235.269978523254,6
AddNodesDynamically,24,6,119,45,235.277617454529,7
AddNodesDynamically,24,7,180,61,271.074721336365,8
AddNodesDynamically,24,8,230,50,284.448809623718,9
AddNodesDynamically,24,9,282,52,284.64178276062,10
AddNodesDynamically,24,10,336,54,314.741415023804,11
AddNodesDynamically,24,11,378,42,314.816263198853,12
AddNodesDynamically,24,12,432,54,321.412514686584,13
AddNodesDynamically,24,13,481,49,330.570343971252,14
AddNodesDynamically,24,14,539,58,331.953704833984,15
AddNodesDynamically,25,4,143,143,211.689302444458,5
AddNodesDynamically,25,5,276,133,222.655086517334,6
AddNodesDynamically,25,6,826,550,229.631887435913,7
AddNodesDynamically,25,7,1133,307,247.618844032288,8
AddNodesDynamically,25,8,1228,95,248.524638175964,9
AddNodesDynamically,25,9,1302,74,280.819979667664,10
AddNodesDynamically,25,10,1378,76,293.218939781189,11
AddNodesDynamically,25,11,1481,103,313.974076271057,12
AddNodesDynamically,25,12,1560,79,323.707045555115,13
AddNodesDynamically,25,13,1629,69,324.017018318176,14
AddNodesDynamically,25,14,1703,74,337.054404258728,15
AddNodesDynamically,26,4,33,33,259.794195175171,5
AddNodesDynamically,26,5,74,41,260.950391054153,6
AddNodesDynamically,26,6,130,56,260.959225893021,7
AddNodesDynamically,26,7,223,93,261.527374505997,8
AddNodesDynamically,26,8,460,237,263.349843263626,9
AddNodesDynamically,26,9,576,116,262.623021364212,10
AddNodesDynamically,26,10,712,136,263.968514680862,11
AddNodesDynamically,26,11,792,80,288.42764210701,12
AddNodesDynamically,26,12,856,64,290.592191934586,13
AddNodesDynamically,26,13,913,57,292.553585290909,14
AddNodesDynamically,26,14,975,62,319.957393884659,15
AddNodesDynamically,27,4,37,37,204.238035202026,5
AddNodesDynamically,27,5,70,33,275.462862014771,6
AddNodesDynamically,27,6,105,35,277.302419662476,7
AddNodesDynamically,27,7,147,42,277.612425208092,8
AddNodesDynamically,27,8,205,58,309.310276389122,9
AddNodesDynamically,27,9,247,42,309.384069800377,10
AddNodesDynamically,27,10,293,46,311.10007083416,11
AddNodesDynamically,27,11,334,41,325.825065493584,12
AddNodesDynamically,27,12,386,52,346.051790118217,13
AddNodesDynamically,27,13,444,58,364.144306063652,14
AddNodesDynamically,27,14,499,55,364.723832964897,15
AddNodesDynamically,28,4,36,36,95.1887245178223,5
AddNodesDynamically,28,5,109,73,213.097541809082,6
AddNodesDynamically,28,6,152,43,215.023731231689,7
AddNodesDynamically,28,7,196,44,261.691535949707,8
AddNodesDynamically,28,8,239,43,263.532274246216,9
AddNodesDynamically,28,9,282,43,265.446330070496,10
AddNodesDynamically,28,10,323,41,265.566487312317,11
AddNodesDynamically,28,11,375,52,268.276637077332,12
AddNodesDynamically,28,12,430,55,283.802046775818,13
AddNodesDynamically,28,13,489,59,329.695548057556,14
AddNodesDynamically,28,14,547,58,330.83998131752,15
AddNodesDynamically,29,4,32,32,181.278628349304,5
AddNodesDynamically,29,5,66,34,243.492018699646,6
AddNodesDynamically,29,6,105,39,246.031950950623,7
AddNodesDynamically,29,7,147,42,253.847761631012,8
AddNodesDynamically,29,8,192,45,257.993489742279,9
AddNodesDynamically,29,9,238,46,269.289453029633,10
AddNodesDynamically,29,10,286,48,269.330079555511,11
AddNodesDynamically,29,11,330,44,276.831899166107,12
AddNodesDynamically,29,12,388,58,277.064069271088,13
AddNodesDynamically,29,13,437,49,277.65190076828,14
AddNodesDynamically,29,14,499,62,332.98898267746,15
