Mode,SimulationRun,Checkpoints,MMASIterations,LocalIterations,BestTourLength,BestTourNodes
RebuildWholeGraph,0,4,31,31,242.641902923584,5
RebuildWholeGraph,0,5,68,37,249.890594482422,6
RebuildWholeGraph,0,6,122,54,251.52746963501,7
RebuildWholeGraph,0,7,163,41,256.485106468201,8
RebuildWholeGraph,0,8,216,53,304.775671958923,9
RebuildWholeGraph,0,9,382,166,309.19145488739,10
RebuildWholeGraph,0,10,762,380,353.524147987366,11
RebuildWholeGraph,0,11,845,83,354.747114181519,12
RebuildWholeGraph,0,12,907,62,358.894552230835,13
RebuildWholeGraph,0,13,971,64,363.949505805969,14
RebuildWholeGraph,0,14,1032,61,387.338122367859,15
RebuildWholeGraph,1,4,31,31,237.005370140076,5
RebuildWholeGraph,1,5,64,33,237.522614479065,6
RebuildWholeGraph,1,6,104,40,259.843945503235,7
RebuildWholeGraph,1,7,140,36,271.45872592926,8
RebuildWholeGraph,1,8,185,45,280.81810092926,9
RebuildWholeGraph,1,9,236,51,291.75466632843,10
RebuildWholeGraph,1,10,305,69,312.302221298218,11
RebuildWholeGraph,1,11,375,70,315.559898376465,12
RebuildWholeGraph,1,12,444,69,333.683016777039,13
RebuildWholeGraph,1,13,508,64,339.208373069763,14
RebuildWholeGraph,1,14,584,76,352.72061920166,15
RebuildWholeGraph,2,4,39,39,263.193134307861,5
RebuildWholeGraph,2,5,168,129,265.939027786255,6
RebuildWholeGraph,2,6,217,49,267.415286064148,7
RebuildWholeGraph,2,7,268,51,287.889449119568,8
RebuildWholeGraph,2,8,324,56,321.903695106506,9
RebuildWholeGraph,2,9,383,59,327.499255180359,10
RebuildWholeGraph,2,10,446,63,330.456579208374,11
RebuildWholeGraph,2,11,517,71,337.052089691162,12
RebuildWholeGraph,2,12,579,62,339.000455856323,13
RebuildWholeGraph,2,13,644,65,346.044374465942,14
RebuildWholeGraph,2,14,710,66,367.429395675659,15
RebuildWholeGraph,3,4,31,31,222.502680301666,5
RebuildWholeGraph,3,5,64,33,222.940935611725,6
RebuildWholeGraph,3,6,105,41,243.575953006744,7
RebuildWholeGraph,3,7,149,44,272.124266147614,8
RebuildWholeGraph,3,8,191,42,272.35254907608,9
RebuildWholeGraph,3,9,240,49,289.210115909576,10
RebuildWholeGraph,3,10,729,489,300.846611499786,11
RebuildWholeGraph,3,11,966,237,313.612102985382,12
RebuildWholeGraph,3,12,1255,289,319.534623622894,13
RebuildWholeGraph,3,13,1319,64,321.398570537567,14
RebuildWholeGraph,3,14,1426,107,344.751933574677,15
RebuildWholeGraph,4,4,522,522,137.559715270996,5
RebuildWholeGraph,4,5,574,52,201.191365242004,6
RebuildWholeGraph,4,6,618,44,211.223044395447,7
RebuildWholeGraph,4,7,664,46,212.930190086365,8
RebuildWholeGraph,4,8,704,40,217.18445110321,9
RebuildWholeGraph,4,9,751,47,219.221821784973,10
RebuildWholeGraph,4,10,808,57,220.652087211609,11
RebuildWholeGraph,4,11,857,49,226.619591712952,12
RebuildWholeGraph,4,12,903,46,250.683989524841,13
RebuildWholeGraph,4,13,949,46,250.683989286423,14
RebuildWholeGraph,4,14,1000,51,251.462040185928,15
RebuildWholeGraph,5,4,31,31,149.337509155273,5
RebuildWholeGraph,5,5,74,43,211.800189971924,6
RebuildWholeGraph,5,6,124,50,220.335954666138,7
RebuildWholeGraph,5,7,175,51,220.389902114868,8
RebuildWholeGraph,5,8,217,42,220.857179641724,9
RebuildWholeGraph,5,9,261,44,230.733494758606,10
RebuildWholeGraph,5,10,318,57,275.236310005188,11
RebuildWholeGraph,5,11,373,55,303.251984596252,12
RebuildWholeGraph,5,12,429,56,308.992339134216,13
RebuildWholeGraph,5,13,484,55,314.232930183411,14
RebuildWholeGraph,5,14,537,53,327.946759223938,15
RebuildWholeGraph,6,4,34,34,230.020239830017,5
RebuildWholeGraph,6,5,67,33,239.827142715454,6
RebuildWholeGraph,6,6,110,43,289.143301010132,7
RebuildWholeGraph,6,7,152,42,292.678787231445,8
RebuildWholeGraph,6,8,195,43,315.150968551636,9
RebuildWholeGraph,6,9,239,44,315.603223800659,10
RebuildWholeGraph,6,10,285,46,341.10396194458,11
RebuildWholeGraph,6,11,337,52,343.834265232086,12
RebuildWholeGraph,6,12,376,39,343.875023365021,13
RebuildWholeGraph,6,13,421,45,344.335155963898,14
RebuildWholeGraph,6,14,471,50,350.627268314362,15
RebuildWholeGraph,7,4,39,39,203.034818172455,5
RebuildWholeGraph,7,5,77,38,238.120198726654,6
RebuildWholeGraph,7,6,125,48,238.457183361053,7
RebuildWholeGraph,7,7,164,39,260.055316448212,8
RebuildWholeGraph,7,8,209,45,281.640006542206,9
RebuildWholeGraph,7,9,331,122,294.822692394257,10
RebuildWholeGraph,7,10,377,46,305.139875888824,11
RebuildWholeGraph,7,11,426,49,316.681021213531,12
RebuildWholeGraph,7,12,533,107,314.675320148468,13
RebuildWholeGraph,7,13,579,46,317.875936985016,14
RebuildWholeGraph,7,14,634,55,322.172998905182,15
RebuildWholeGraph,8,4,30,30,329.693035125732,5
RebuildWholeGraph,8,5,63,33,329.747786521912,6
RebuildWholeGraph,8,6,97,34,342.280299186707,7
RebuildWholeGraph,8,7,141,44,359.848307609558,8
RebuildWholeGraph,8,8,183,42,364.348258018494,9
RebuildWholeGraph,8,9,226,43,366.244916915894,10
RebuildWholeGraph,8,10,269,43,366.633577346802,11
RebuildWholeGraph,8,11,306,37,372.583539962769,12
RebuildWholeGraph,8,12,355,49,380.83770275116,13
RebuildWholeGraph,8,13,396,41,380.898564338684,14
RebuildWholeGraph,8,14,445,49,399.807377815247,15
RebuildWholeGraph,9,4,30,30,260.057699203491,5
RebuildWholeGraph,9,5,62,32,265.940084457397,6
RebuildWholeGraph,9,6,96,34,267.055196762085,7
RebuildWholeGraph,9,7,131,35,283.748731613159,8
RebuildWholeGraph,9,8,178,47,292.304773330688,9
RebuildWholeGraph,9,9,239,61,292.30539894104,10
RebuildWholeGraph,9,10,292,53,305.681183815002,11
RebuildWholeGraph,9,11,347,55,313.725080490112,12
RebuildWholeGraph,9,12,398,51,322.328639984131,13
RebuildWholeGraph,9,13,469,71,325.952233314514,14
RebuildWholeGraph,9,14,528,59,335.346743583679,15
RebuildWholeGraph,10,4,30,30,231.971895575523,5
RebuildWholeGraph,10,5,71,41,236.395966410637,6
RebuildWholeGraph,10,6,105,34,263.868615031242,7
RebuildWholeGraph,10,7,141,36,269.397133708,8
RebuildWholeGraph,10,8,179,38,269.577954173088,9
RebuildWholeGraph,10,9,222,43,269.595044016838,10
RebuildWholeGraph,10,10,261,39,292.917126536369,11
RebuildWholeGraph,10,11,304,43,297.971772074699,12
RebuildWholeGraph,10,12,349,45,298.02843940258,13
RebuildWholeGraph,10,13,395,46,314.386860728264,14
RebuildWholeGraph,10,14,444,49,326.69167983532,15
RebuildWholeGraph,11,4,31,31,213.047023773193,5
RebuildWholeGraph,11,5,83,52,214.620721817017,6
RebuildWholeGraph,11,6,128,45,214.648996353149,7
RebuildWholeGraph,11,7,164,36,269.698078155518,8
RebuildWholeGraph,11,8,231,67,275.070129394531,9
RebuildWholeGraph,11,9,284,53,314.990491867065,10
RebuildWholeGraph,11,10,420,136,321.321357727051,11
RebuildWholeGraph,11,11,577,157,330.956436157227,12
RebuildWholeGraph,11,12,644,67,334.4761095047,13
RebuildWholeGraph,11,13,732,88,334.481614589691,14
RebuildWholeGraph,11,14,787,55,334.611876964569,15
RebuildWholeGraph,12,4,36,36,190.387932777405,5
RebuildWholeGraph,12,5,73,37,282.45299243927,6
RebuildWholeGraph,12,6,107,34,335.027737617493,7
RebuildWholeGraph,12,7,149,42,339.516011238098,8
RebuildWholeGraph,12,8,185,36,340.347640037537,9
RebuildWholeGraph,12,9,220,35,345.016512870789,10
RebuildWholeGraph,12,10,256,36,347.197878837585,11
RebuildWholeGraph,12,11,297,41,347.862708091736,12
RebuildWholeGraph,12,12,339,42,351.18211555481,13
RebuildWholeGraph,12,13,385,46,363.986724853516,14
RebuildWholeGraph,12,14,426,41,373.514901161194,15
RebuildWholeGraph,13,4,30,30,190.288146972656,5
RebuildWholeGraph,13,5,62,32,237.959217071533,6
RebuildWholeGraph,13,6,108,46,241.566444396973,7
RebuildWholeGraph,13,7,142,34,241.712219238281,8
RebuildWholeGraph,13,8,179,37,248.53175163269,9
RebuildWholeGraph,13,9,220,41,261.300722122192,10
RebuildWholeGraph,13,10,260,40,261.872111320496,11
RebuildWholeGraph,13,11,304,44,261.90035533905,12
RebuildWholeGraph,13,12,351,47,262.272846221924,13
RebuildWholeGraph,13,13,401,50,285.619277000427,14
RebuildWholeGraph,13,14,453,52,300.462620735168,15
RebuildWholeGraph,14,4,30,30,273.130695343018,5
RebuildWholeGraph,14,5,66,36,277.299175262451,6
RebuildWholeGraph,14,6,100,34,282.903437614441,7
RebuildWholeGraph,14,7,164,64,288.512910842896,8
RebuildWholeGraph,14,8,211,47,288.616258621216,9
RebuildWholeGraph,14,9,265,54,301.061231613159,10
RebuildWholeGraph,14,10,312,47,312.007665634155,11
RebuildWholeGraph,14,11,355,43,312.064029693604,12
RebuildWholeGraph,14,12,410,55,319.255451202393,13
RebuildWholeGraph,14,13,461,51,319.533548355103,14
RebuildWholeGraph,14,14,528,67,372.253680229187,15
RebuildWholeGraph,15,4,31,31,213.290828704834,5
RebuildWholeGraph,15,5,143,112,216.147029876709,6
RebuildWholeGraph,15,6,265,122,267.14150428772,7
RebuildWholeGraph,15,7,340,75,281.53280878067,8
RebuildWholeGraph,15,8,405,65,344.863070011139,9
RebuildWholeGraph,15,9,487,82,352.326704502106,10
RebuildWholeGraph,15,10,736,249,354.532095432281,11
RebuildWholeGraph,15,11,800,64,354.58978509903,12
RebuildWholeGraph,15,12,875,75,355.793193817139,13
RebuildWholeGraph,15,13,934,59,355.864666461945,14
RebuildWholeGraph,15,14,996,62,356.025913715363,15
RebuildWholeGraph,16,4,41,41,231.388010978699,5
RebuildWholeGraph,16,5,84,43,252.755856513977,6
RebuildWholeGraph,16,6,120,36,254.651278495789,7
RebuildWholeGraph,16,7,191,71,256.560221672058,8
RebuildWholeGraph,16,8,250,59,267.164629936218,9
RebuildWholeGraph,16,9,302,52,268.011843681335,10
RebuildWholeGraph,16,10,369,67,272.942651748657,11
RebuildWholeGraph,16,11,424,55,273.117918491364,12
RebuildWholeGraph,16,12,498,74,297.874573230743,13
RebuildWholeGraph,16,13,610,112,308.745167255402,14
RebuildWholeGraph,16,14,687,77,308.351943016052,15
RebuildWholeGraph,17,4,30,30,190.288146972656,5
RebuildWholeGraph,17,5,70,40,237.959217071533,6
RebuildWholeGraph,17,6,109,39,241.566444396973,7
RebuildWholeGraph,17,7,143,34,241.712219238281,8
RebuildWholeGraph,17,8,182,39,248.53175163269,9
RebuildWholeGraph,17,9,228,46,261.300722122192,10
RebuildWholeGraph,17,10,268,40,261.872111320496,11
RebuildWholeGraph,17,11,307,39,261.90035533905,12
RebuildWholeGraph,17,12,351,44,262.272846221924,13
RebuildWholeGraph,17,13,399,48,285.619277000427,14
RebuildWholeGraph,17,14,445,46,300.462620735168,15
RebuildWholeGraph,18,4,31,31,267.616687774658,5
RebuildWholeGraph,18,5,64,33,268.484021186829,6
RebuildWholeGraph,18,6,109,45,268.844058036804,7
RebuildWholeGraph,18,7,145,36,273.834865093231,8
RebuildWholeGraph,18,8,189,44,287.731830120087,9
RebuildWholeGraph,18,9,239,50,310.768549442291,10
RebuildWholeGraph,18,10,289,50,310.888178825378,11
RebuildWholeGraph,18,11,337,48,314.082983970642,12
RebuildWholeGraph,18,12,386,49,314.574782371521,13
RebuildWholeGraph,18,13,438,52,316.510249137878,14
RebuildWholeGraph,18,14,490,52,317.508013725281,15
RebuildWholeGraph,19,4,31,31,197.938361167908,5
RebuildWholeGraph,19,5,64,33,198.157851219177,6
RebuildWholeGraph,19,6,98,34,213.881329536438,7
RebuildWholeGraph,19,7,134,36,221.224173545837,8
RebuildWholeGraph,19,8,172,38,238.876572608948,9
RebuildWholeGraph,19,9,211,39,246.251068115234,10
RebuildWholeGraph,19,10,345,134,284.657519340515,11
RebuildWholeGraph,19,11,412,67,284.740999221802,12
RebuildWholeGraph,19,12,479,67,287.215686798096,13
RebuildWholeGraph,19,13,559,80,293.66435956955,14
RebuildWholeGraph,19,14,633,74,363.894954204559,15
RebuildWholeGraph,20,4,31,31,197.938361167908,5
RebuildWholeGraph,20,5,64,33,198.157851219177,6
RebuildWholeGraph,20,6,98,34,213.881329536438,7
RebuildWholeGraph,20,7,134,36,221.224173545837,8
RebuildWholeGraph,20,8,173,39,238.876572608948,9
RebuildWholeGraph,20,9,211,38,246.251068115234,10
RebuildWholeGraph,20,10,268,57,286.335519790649,11
RebuildWholeGraph,20,11,397,129,284.740999221802,12
RebuildWholeGraph,20,12,466,69,287.215686798096,13
RebuildWholeGraph,20,13,547,81,288.126389026642,14
RebuildWholeGraph,20,14,620,73,363.894954204559,15
RebuildWholeGraph,21,4,31,31,132.303081512451,5
RebuildWholeGraph,21,5,63,32,195.09351348877,6
RebuildWholeGraph,21,6,96,33,195.392391204834,7
RebuildWholeGraph,21,7,133,37,207.667320251465,8
RebuildWholeGraph,21,8,202,69,229.111203193665,9
RebuildWholeGraph,21,9,258,56,251.230906486511,10
RebuildWholeGraph,21,10,312,54,251.817959785461,11
RebuildWholeGraph,21,11,369,57,299.090992927551,12
RebuildWholeGraph,21,12,424,55,299.69565820694,13
RebuildWholeGraph,21,13,483,59,301.665106296539,14
RebuildWholeGraph,21,14,1122,639,307.720445156097,15
RebuildWholeGraph,22,4,30,30,208.566066741943,5
RebuildWholeGraph,22,5,62,32,208.566528320313,6
RebuildWholeGraph,22,6,98,36,209.864400863647,7
RebuildWholeGraph,22,7,134,36,224.731906890869,8
RebuildWholeGraph,22,8,171,37,233.584769248962,9
RebuildWholeGraph,22,9,208,37,256.108883857727,10
RebuildWholeGraph,22,10,251,43,263.877882003784,11
RebuildWholeGraph,22,11,298,47,283.963319778442,12
RebuildWholeGraph,22,12,555,257,297.061926841736,13
RebuildWholeGraph,22,13,654,99,298.390600204468,14
RebuildWholeGraph,22,14,706,52,307.318486213684,15
RebuildWholeGraph,23,4,33,33,240.236192703247,5
RebuildWholeGraph,23,5,67,34,247.146679878235,6
RebuildWholeGraph,23,6,112,45,282.528409004211,7
RebuildWholeGraph,23,7,156,44,282.813597679138,8
RebuildWholeGraph,23,8,200,44,290.187779426575,9
RebuildWholeGraph,23,9,244,44,294.792827129364,10
RebuildWholeGraph,23,10,292,48,310.460361003876,11
RebuildWholeGraph,23,11,340,48,323.447698116302,12
RebuildWholeGraph,23,12,389,49,324.364075183868,13
RebuildWholeGraph,23,13,440,51,334.823456287384,14
RebuildWholeGraph,23,14,493,53,379.156857013702,15
RebuildWholeGraph,24,4,30,30,233.298788070679,5
RebuildWholeGraph,24,5,62,32,235.269978523254,6
RebuildWholeGraph,24,6,105,43,235.277617454529,7
RebuildWholeGraph,24,7,155,50,271.074721336365,8
RebuildWholeGraph,24,8,210,55,284.448809623718,9
RebuildWholeGraph,24,9,252,42,284.64178276062,10
RebuildWholeGraph,24,10,298,46,314.741415023804,11
RebuildWholeGraph,24,11,349,51,314.816263198853,12
RebuildWholeGraph,24,12,401,52,321.412514686584,13
RebuildWholeGraph,24,13,457,56,330.570343971252,14
RebuildWholeGraph,24,14,509,52,331.953704833984,15
RebuildWholeGraph,25,4,57,57,211.689302444458,5
RebuildWholeGraph,25,5,537,480,222.655086517334,6
RebuildWholeGraph,25,6,1184,647,229.631887435913,7
RebuildWholeGraph,25,7,1605,421,247.618844032288,8
RebuildWholeGraph,25,8,1695,90,248.524638175964,9
RebuildWholeGraph,25,9,1770,75,284.360672950745,10
RebuildWholeGraph,25,10,1839,69,290.007086753845,11
RebuildWholeGraph,25,11,1911,72,313.974076271057,12
RebuildWholeGraph,25,12,1977,66,323.707045555115,13
RebuildWholeGraph,25,13,2043,66,324.017018318176,14
RebuildWholeGraph,25,14,2105,62,337.054404258728,15
RebuildWholeGraph,26,4,35,35,259.794195175171,5
RebuildWholeGraph,26,5,73,38,260.950391054153,6
RebuildWholeGraph,26,6,116,43,260.959225893021,7
RebuildWholeGraph,26,7,167,51,261.527374505997,8
RebuildWholeGraph,26,8,218,51,266.3345682621,9
RebuildWholeGraph,26,9,301,83,262.623021364212,10
RebuildWholeGraph,26,10,449,148,263.968514680862,11
RebuildWholeGraph,26,11,520,71,288.343202829361,12
RebuildWholeGraph,26,12,571,51,290.592191934586,13
RebuildWholeGraph,26,13,642,71,292.553585290909,14
RebuildWholeGraph,26,14,711,69,319.957393884659,15
RebuildWholeGraph,27,4,31,31,204.238035202026,5
RebuildWholeGraph,27,5,64,33,275.462862014771,6
RebuildWholeGraph,27,6,98,34,277.302419662476,7
RebuildWholeGraph,27,7,137,39,277.612425208092,8
RebuildWholeGraph,27,8,175,38,309.310276389122,9
RebuildWholeGraph,27,9,220,45,309.384069800377,10
RebuildWholeGraph,27,10,271,51,311.10007083416,11
RebuildWholeGraph,27,11,312,41,325.825065493584,12
RebuildWholeGraph,27,12,376,64,346.051790118217,13
RebuildWholeGraph,27,13,425,49,364.144306063652,14
RebuildWholeGraph,27,14,484,59,364.723832964897,15
RebuildWholeGraph,28,4,34,34,95.1887245178223,5
RebuildWholeGraph,28,5,88,54,213.097541809082,6
RebuildWholeGraph,28,6,134,46,215.023731231689,7
RebuildWholeGraph,28,7,171,37,261.691535949707,8
RebuildWholeGraph,28,8,211,40,263.532274246216,9
RebuildWholeGraph,28,9,254,43,265.446330070496,10
RebuildWholeGraph,28,10,293,39,265.566487312317,11
RebuildWholeGraph,28,11,341,48,268.276637077332,12
RebuildWholeGraph,28,12,387,46,283.802046775818,13
RebuildWholeGraph,28,13,443,56,329.695548057556,14
RebuildWholeGraph,28,14,498,55,330.83998131752,15
RebuildWholeGraph,29,4,31,31,181.278628349304,5
RebuildWholeGraph,29,5,64,33,243.492018699646,6
RebuildWholeGraph,29,6,102,38,246.031950950623,7
RebuildWholeGraph,29,7,143,41,253.847761631012,8
RebuildWholeGraph,29,8,194,51,257.993489742279,9
RebuildWholeGraph,29,9,244,50,269.289453029633,10
RebuildWholeGraph,29,10,295,51,269.330079555511,11
RebuildWholeGraph,29,11,350,55,276.831899166107,12
RebuildWholeGraph,29,12,406,56,277.064069271088,13
RebuildWholeGraph,29,13,462,56,277.65190076828,14
RebuildWholeGraph,29,14,523,61,332.98898267746,15
