Mode,SimulationRun,Checkpoints,MMASIterations,LocalIterations,BestTourLength,BestTourNodes
AddNodesDynamically,0,4,34,34,242.641902923584,5
AddNodesDynamically,0,5,67,33,249.890594482422,6
AddNodesDynamically,0,6,110,43,251.52746963501,7
AddNodesDynamically,0,7,146,36,256.485106468201,8
AddNodesDynamically,0,8,184,38,304.775671958923,9
AddNodesDynamically,0,9,359,175,309.19145488739,10
AddNodesDynamically,0,10,993,634,353.524147987366,11
AddNodesDynamically,0,11,1074,81,354.747114181519,12
AddNodesDynamically,0,12,1114,40,358.894552230835,13
AddNodesDynamically,0,13,1155,41,363.949505805969,14
AddNodesDynamically,0,14,1197,42,387.338122367859,15
AddNodesDynamically,1,4,31,31,237.005370140076,5
AddNodesDynamically,1,5,64,33,237.522614479065,6
AddNodesDynamically,1,6,99,35,259.843945503235,7
AddNodesDynamically,1,7,135,36,271.45872592926,8
AddNodesDynamically,1,8,172,37,280.81810092926,9
AddNodesDynamically,1,9,210,38,291.75466632843,10
AddNodesDynamically,1,10,255,45,312.302221298218,11
AddNodesDynamically,1,11,297,42,315.559898376465,12
AddNodesDynamically,1,12,338,41,333.530592918396,13
AddNodesDynamically,1,13,379,41,339.208373069763,14
AddNodesDynamically,1,14,421,42,353.716588020325,15
AddNodesDynamically,2,4,31,31,263.193134307861,5
AddNodesDynamically,2,5,85,54,265.939027786255,6
AddNodesDynamically,2,6,119,34,267.415286064148,7
AddNodesDynamically,2,7,155,36,287.889449119568,8
AddNodesDynamically,2,8,193,38,321.903695106506,9
AddNodesDynamically,2,9,237,44,334.667763710022,10
AddNodesDynamically,2,10,276,39,337.625087738037,11
AddNodesDynamically,2,11,320,44,345.419290542603,12
AddNodesDynamically,2,12,364,44,339.000455856323,13
AddNodesDynamically,2,13,405,41,347.24306678772,14
AddNodesDynamically,2,14,447,42,379.431451797485,15
AddNodesDynamically,3,4,31,31,222.502680301666,5
AddNodesDynamically,3,5,64,33,222.940935611725,6
AddNodesDynamically,3,6,106,42,243.575953006744,7
AddNodesDynamically,3,7,143,37,272.124266147614,8
AddNodesDynamically,3,8,180,37,272.35254907608,9
AddNodesDynamically,3,9,218,38,289.210115909576,10
AddNodesDynamically,3,10,442,224,300.846611499786,11
AddNodesDynamically,3,11,482,40,313.612102985382,12
AddNodesDynamically,3,12,522,40,319.534623622894,13
AddNodesDynamically,3,13,563,41,321.398570537567,14
AddNodesDynamically,3,14,605,42,344.751933574677,15
AddNodesDynamically,4,4,731,731,137.559715270996,5
AddNodesDynamically,4,5,768,37,201.191365242004,6
AddNodesDynamically,4,6,803,35,211.223044395447,7
AddNodesDynamically,4,7,839,36,212.930190086365,8
AddNodesDynamically,4,8,876,37,217.18445110321,9
AddNodesDynamically,4,9,914,38,219.221821784973,10
AddNodesDynamically,4,10,953,39,220.652087211609,11
AddNodesDynamically,4,11,993,40,226.619591712952,12
AddNodesDynamically,4,12,1034,41,250.683989524841,13
AddNodesDynamically,4,13,1075,41,250.683989286423,14
AddNodesDynamically,4,14,1117,42,251.462040185928,15
AddNodesDynamically,5,4,32,32,149.337509155273,5
AddNodesDynamically,5,5,83,51,211.800189971924,6
AddNodesDynamically,5,6,118,35,220.335954666138,7
AddNodesDynamically,5,7,154,36,220.389902114868,8
AddNodesDynamically,5,8,191,37,220.857179641724,9
AddNodesDynamically,5,9,229,38,230.733494758606,10
AddNodesDynamically,5,10,271,42,275.236310005188,11
AddNodesDynamically,5,11,311,40,303.251984596252,12
AddNodesDynamically,5,12,351,40,308.992339134216,13
AddNodesDynamically,5,13,392,41,314.232930183411,14
AddNodesDynamically,5,14,434,42,327.946759223938,15
AddNodesDynamically,6,4,32,32,230.020239830017,5
AddNodesDynamically,6,5,65,33,239.827142715454,6
AddNodesDynamically,6,6,100,35,289.143301010132,7
AddNodesDynamically,6,7,153,53,292.678787231445,8
AddNodesDynamically,6,8,190,37,315.150968551636,9
AddNodesDynamically,6,9,228,38,315.603223800659,10
AddNodesDynamically,6,10,267,39,341.10396194458,11
AddNodesDynamically,6,11,306,39,343.834265232086,12
AddNodesDynamically,6,12,346,40,343.875023365021,13
AddNodesDynamically,6,13,387,41,344.335155963898,14
AddNodesDynamically,6,14,429,42,350.627268314362,15
AddNodesDynamically,7,4,50,50,203.034818172455,5
AddNodesDynamically,7,5,84,34,238.120198726654,6
AddNodesDynamically,7,6,121,37,238.457183361053,7
AddNodesDynamically,7,7,157,36,260.055316448212,8
AddNodesDynamically,7,8,194,37,281.640006542206,9
AddNodesDynamically,7,9,232,38,294.822692394257,10
AddNodesDynamically,7,10,275,43,298.521605014801,11
AddNodesDynamically,7,11,335,60,316.681021213531,12
AddNodesDynamically,7,12,414,79,314.675320148468,13
AddNodesDynamically,7,13,455,41,317.875936985016,14
AddNodesDynamically,7,14,497,42,322.172998905182,15
AddNodesDynamically,8,4,32,32,329.693035125732,5
AddNodesDynamically,8,5,65,33,329.747786521912,6
AddNodesDynamically,8,6,100,35,342.280299186707,7
AddNodesDynamically,8,7,136,36,359.848307609558,8
AddNodesDynamically,8,8,173,37,364.348258018494,9
AddNodesDynamically,8,9,211,38,366.244916915894,10
AddNodesDynamically,8,10,249,38,366.633577346802,11
AddNodesDynamically,8,11,288,39,372.583539962769,12
AddNodesDynamically,8,12,328,40,380.83770275116,13
AddNodesDynamically,8,13,369,41,380.898564338684,14
AddNodesDynamically,8,14,411,42,399.807377815247,15
AddNodesDynamically,9,4,32,32,260.057699203491,5
AddNodesDynamically,9,5,65,33,265.940084457397,6
AddNodesDynamically,9,6,99,34,267.055196762085,7
AddNodesDynamically,9,7,135,36,283.748731613159,8
AddNodesDynamically,9,8,202,67,292.304773330688,9
AddNodesDynamically,9,9,254,52,292.30539894104,10
AddNodesDynamically,9,10,363,109,299.639561653137,11
AddNodesDynamically,9,11,472,109,308.506237030029,12
AddNodesDynamically,9,12,531,59,320.48380279541,13
AddNodesDynamically,9,13,572,41,327.100616455078,14
AddNodesDynamically,9,14,616,44,335.346743583679,15
AddNodesDynamically,10,4,32,32,231.971895575523,5
AddNodesDynamically,10,5,65,33,236.395966410637,6
AddNodesDynamically,10,6,100,35,263.868615031242,7
AddNodesDynamically,10,7,136,36,269.397133708,8
AddNodesDynamically,10,8,173,37,269.577954173088,9
AddNodesDynamically,10,9,211,38,269.595044016838,10
AddNodesDynamically,10,10,250,39,292.917126536369,11
AddNodesDynamically,10,11,290,40,297.971772074699,12
AddNodesDynamically,10,12,330,40,298.02843940258,13
AddNodesDynamically,10,13,371,41,314.386860728264,14
AddNodesDynamically,10,14,413,42,326.69167983532,15
AddNodesDynamically,11,4,31,31,213.047023773193,5
AddNodesDynamically,11,5,86,55,214.620721817017,6
AddNodesDynamically,11,6,120,34,214.648996353149,7
AddNodesDynamically,11,7,165,45,269.698078155518,8
AddNodesDynamically,11,8,202,37,275.974040985107,9
AddNodesDynamically,11,9,258,56,314.990491867065,10
AddNodesDynamically,11,10,325,67,321.321357727051,11
AddNodesDynamically,11,11,393,68,330.956436157227,12
AddNodesDynamically,11,12,458,65,334.4761095047,13
AddNodesDynamically,11,13,499,41,334.481614589691,14
AddNodesDynamically,11,14,540,41,334.611876964569,15
AddNodesDynamically,12,4,32,32,190.387932777405,5
AddNodesDynamically,12,5,89,57,282.45299243927,6
AddNodesDynamically,12,6,124,35,335.027737617493,7
AddNodesDynamically,12,7,160,36,339.516011238098,8
AddNodesDynamically,12,8,197,37,340.347640037537,9
AddNodesDynamically,12,9,235,38,345.016512870789,10
AddNodesDynamically,12,10,274,39,347.197878837585,11
AddNodesDynamically,12,11,313,39,347.862708091736,12
AddNodesDynamically,12,12,353,40,351.18211555481,13
AddNodesDynamically,12,13,394,41,363.986724853516,14
AddNodesDynamically,12,14,436,42,373.514901161194,15
AddNodesDynamically,13,4,30,30,190.288146972656,5
AddNodesDynamically,13,5,64,34,237.959217071533,6
AddNodesDynamically,13,6,98,34,241.566444396973,7
AddNodesDynamically,13,7,134,36,241.712219238281,8
AddNodesDynamically,13,8,171,37,248.53175163269,9
AddNodesDynamically,13,9,209,38,261.300722122192,10
AddNodesDynamically,13,10,248,39,261.872111320496,11
AddNodesDynamically,13,11,287,39,261.90035533905,12
AddNodesDynamically,13,12,327,40,262.272846221924,13
AddNodesDynamically,13,13,369,42,285.619277000427,14
AddNodesDynamically,13,14,411,42,300.462620735168,15
AddNodesDynamically,14,4,32,32,273.130695343018,5
AddNodesDynamically,14,5,65,33,277.299175262451,6
AddNodesDynamically,14,6,99,34,282.903437614441,7
AddNodesDynamically,14,7,166,67,288.512910842896,8
AddNodesDynamically,14,8,204,38,288.616258621216,9
AddNodesDynamically,14,9,242,38,301.061231613159,10
AddNodesDynamically,14,10,281,39,312.007665634155,11
AddNodesDynamically,14,11,320,39,312.064029693604,12
AddNodesDynamically,14,12,360,40,319.255451202393,13
AddNodesDynamically,14,13,401,41,319.533548355103,14
AddNodesDynamically,14,14,447,46,372.253680229187,15
AddNodesDynamically,15,4,30,30,213.290828704834,5
AddNodesDynamically,15,5,160,130,216.147029876709,6
AddNodesDynamically,15,6,217,57,267.14150428772,7
AddNodesDynamically,15,7,253,36,281.53280878067,8
AddNodesDynamically,15,8,329,76,344.863070011139,9
AddNodesDynamically,15,9,377,48,352.326704502106,10
AddNodesDynamically,15,10,427,50,354.532095432281,11
AddNodesDynamically,15,11,466,39,354.58978509903,12
AddNodesDynamically,15,12,506,40,355.793193817139,13
AddNodesDynamically,15,13,547,41,355.864666461945,14
AddNodesDynamically,15,14,588,41,356.025913715363,15
AddNodesDynamically,16,4,52,52,231.388010978699,5
AddNodesDynamically,16,5,86,34,252.755856513977,6
AddNodesDynamically,16,6,120,34,254.651278495789,7
AddNodesDynamically,16,7,166,46,256.560221672058,8
AddNodesDynamically,16,8,203,37,267.164629936218,9
AddNodesDynamically,16,9,241,38,268.011843681335,10
AddNodesDynamically,16,10,280,39,272.942651748657,11
AddNodesDynamically,16,11,319,39,273.117918491364,12
AddNodesDynamically,16,12,393,74,298.679340839386,13
AddNodesDynamically,16,13,435,42,308.745167255402,14
AddNodesDynamically,16,14,476,41,309.156710624695,15
AddNodesDynamically,17,4,30,30,190.288146972656,5
AddNodesDynamically,17,5,64,34,237.959217071533,6
AddNodesDynamically,17,6,98,34,241.566444396973,7
AddNodesDynamically,17,7,134,36,241.712219238281,8
AddNodesDynamically,17,8,171,37,248.53175163269,9
AddNodesDynamically,17,9,209,38,261.300722122192,10
AddNodesDynamically,17,10,248,39,261.872111320496,11
AddNodesDynamically,17,11,287,39,261.90035533905,12
AddNodesDynamically,17,12,327,40,262.272846221924,13
AddNodesDynamically,17,13,369,42,285.619277000427,14
AddNodesDynamically,17,14,411,42,300.462620735168,15
AddNodesDynamically,18,4,32,32,267.616687774658,5
AddNodesDynamically,18,5,65,33,268.484021186829,6
AddNodesDynamically,18,6,99,34,268.844058036804,7
AddNodesDynamically,18,7,136,37,273.834865093231,8
AddNodesDynamically,18,8,173,37,287.731830120087,9
AddNodesDynamically,18,9,211,38,310.768549442291,10
AddNodesDynamically,18,10,250,39,310.888178825378,11
AddNodesDynamically,18,11,289,39,314.082983970642,12
AddNodesDynamically,18,12,329,40,314.574782371521,13
AddNodesDynamically,18,13,370,41,316.510249137878,14
AddNodesDynamically,18,14,412,42,317.508013725281,15
AddNodesDynamically,19,4,32,32,197.938361167908,5
AddNodesDynamically,19,5,65,33,198.157851219177,6
AddNodesDynamically,19,6,100,35,213.881329536438,7
AddNodesDynamically,19,7,136,36,221.224173545837,8
AddNodesDynamically,19,8,173,37,238.876572608948,9
AddNodesDynamically,19,9,211,38,246.251068115234,10
AddNodesDynamically,19,10,308,97,284.657519340515,11
AddNodesDynamically,19,11,373,65,284.740999221802,12
AddNodesDynamically,19,12,413,40,287.215686798096,13
AddNodesDynamically,19,13,454,41,288.126389026642,14
AddNodesDynamically,19,14,496,42,367.128462314606,15
AddNodesDynamically,20,4,32,32,197.938361167908,5
AddNodesDynamically,20,5,65,33,198.157851219177,6
AddNodesDynamically,20,6,100,35,213.881329536438,7
AddNodesDynamically,20,7,136,36,221.224173545837,8
AddNodesDynamically,20,8,173,37,238.876572608948,9
AddNodesDynamically,20,9,211,38,246.251068115234,10
AddNodesDynamically,20,10,269,58,284.657519340515,11
AddNodesDynamically,20,11,308,39,284.740999221802,12
AddNodesDynamically,20,12,348,40,287.215686798096,13
AddNodesDynamically,20,13,389,41,288.126389026642,14
AddNodesDynamically,20,14,431,42,367.128462314606,15
AddNodesDynamically,21,4,31,31,132.303081512451,5
AddNodesDynamically,21,5,65,34,195.09351348877,6
AddNodesDynamically,21,6,99,34,195.392391204834,7
AddNodesDynamically,21,7,135,36,207.667320251465,8
AddNodesDynamically,21,8,353,218,229.111203193665,9
AddNodesDynamically,21,9,407,54,251.230906486511,10
AddNodesDynamically,21,10,446,39,251.817959785461,11
AddNodesDynamically,21,11,486,40,299.090992927551,12
AddNodesDynamically,21,12,526,40,299.69565820694,13
AddNodesDynamically,21,13,774,248,300.833651065826,14
AddNodesDynamically,21,14,816,42,308.55190038681,15
AddNodesDynamically,22,4,32,32,208.566066741943,5
AddNodesDynamically,22,5,65,33,208.566528320313,6
AddNodesDynamically,22,6,99,34,209.864400863647,7
AddNodesDynamically,22,7,135,36,224.731906890869,8
AddNodesDynamically,22,8,172,37,233.584769248962,9
AddNodesDynamically,22,9,211,39,256.108883857727,10
AddNodesDynamically,22,10,250,39,263.877882003784,11
AddNodesDynamically,22,11,290,40,283.963319778442,12
AddNodesDynamically,22,12,345,55,302.187911987305,13
AddNodesDynamically,22,13,426,81,298.390600204468,14
AddNodesDynamically,22,14,468,42,304.87809753418,15
AddNodesDynamically,23,4,45,45,240.236192703247,5
AddNodesDynamically,23,5,78,33,247.146679878235,6
AddNodesDynamically,23,6,126,48,282.528409004211,7
AddNodesDynamically,23,7,162,36,282.813597679138,8
AddNodesDynamically,23,8,199,37,290.187779426575,9
AddNodesDynamically,23,9,237,38,294.792827129364,10
AddNodesDynamically,23,10,276,39,310.460361003876,11
AddNodesDynamically,23,11,316,40,323.447698116302,12
AddNodesDynamically,23,12,356,40,324.364075183868,13
AddNodesDynamically,23,13,397,41,334.823456287384,14
AddNodesDynamically,23,14,439,42,379.156857013702,15
AddNodesDynamically,24,4,32,32,233.298788070679,5
AddNodesDynamically,24,5,65,33,235.269978523254,6
AddNodesDynamically,24,6,99,34,235.277617454529,7
AddNodesDynamically,24,7,136,37,271.074721336365,8
AddNodesDynamically,24,8,173,37,284.448809623718,9
AddNodesDynamically,24,9,211,38,284.64178276062,10
AddNodesDynamically,24,10,250,39,314.741415023804,11
AddNodesDynamically,24,11,289,39,314.816263198853,12
AddNodesDynamically,24,12,329,40,321.412514686584,13
AddNodesDynamically,24,13,370,41,330.570343971252,14
AddNodesDynamically,24,14,411,41,331.953704833984,15
AddNodesDynamically,25,4,160,160,211.689302444458,5
AddNodesDynamically,25,5,542,382,222.655086517334,6
AddNodesDynamically,25,6,910,368,229.631887435913,7
AddNodesDynamically,25,7,954,44,247.618844032288,8
AddNodesDynamically,25,8,997,43,248.524638175964,9
AddNodesDynamically,25,9,1036,39,284.031832695007,10
AddNodesDynamically,25,10,1075,39,293.218939781189,11
AddNodesDynamically,25,11,1115,40,313.974076271057,12
AddNodesDynamically,25,12,1155,40,323.707045555115,13
AddNodesDynamically,25,13,1196,41,324.017018318176,14
AddNodesDynamically,25,14,1238,42,337.054404258728,15
AddNodesDynamically,26,4,37,37,259.794195175171,5
AddNodesDynamically,26,5,70,33,260.950391054153,6
AddNodesDynamically,26,6,110,40,260.959225893021,7
AddNodesDynamically,26,7,507,397,261.527374505997,8
AddNodesDynamically,26,8,605,98,263.349843263626,9
AddNodesDynamically,26,9,761,156,262.623021364212,10
AddNodesDynamically,26,10,800,39,263.968514680862,11
AddNodesDynamically,26,11,878,78,288.343202829361,12
AddNodesDynamically,26,12,918,40,290.592191934586,13
AddNodesDynamically,26,13,959,41,292.553585290909,14
AddNodesDynamically,26,14,1001,42,319.957393884659,15
AddNodesDynamically,27,4,124,124,204.238035202026,5
AddNodesDynamically,27,5,158,34,275.462862014771,6
AddNodesDynamically,27,6,192,34,277.302419662476,7
AddNodesDynamically,27,7,228,36,277.612425208092,8
AddNodesDynamically,27,8,266,38,309.310276389122,9
AddNodesDynamically,27,9,304,38,309.384069800377,10
AddNodesDynamically,27,10,343,39,311.10007083416,11
AddNodesDynamically,27,11,383,40,325.825065493584,12
AddNodesDynamically,27,12,424,41,346.051790118217,13
AddNodesDynamically,27,13,465,41,364.144306063652,14
AddNodesDynamically,27,14,506,41,364.723832964897,15
AddNodesDynamically,28,4,40,40,95.1887245178223,5
AddNodesDynamically,28,5,74,34,213.097541809082,6
AddNodesDynamically,28,6,113,39,215.023731231689,7
AddNodesDynamically,28,7,150,37,261.691535949707,8
AddNodesDynamically,28,8,187,37,263.532274246216,9
AddNodesDynamically,28,9,225,38,265.446330070496,10
AddNodesDynamically,28,10,264,39,265.566487312317,11
AddNodesDynamically,28,11,303,39,268.276637077332,12
AddNodesDynamically,28,12,345,42,283.802046775818,13
AddNodesDynamically,28,13,387,42,329.695548057556,14
AddNodesDynamically,28,14,430,43,330.83998131752,15
AddNodesDynamically,29,4,32,32,181.278628349304,5
AddNodesDynamically,29,5,67,35,243.492018699646,6
AddNodesDynamically,29,6,101,34,246.031950950623,7
AddNodesDynamically,29,7,140,39,253.847761631012,8
AddNodesDynamically,29,8,177,37,257.993489742279,9
AddNodesDynamically,29,9,215,38,269.289453029633,10
AddNodesDynamically,29,10,254,39,269.330079555511,11
AddNodesDynamically,29,11,294,40,276.831899166107,12
AddNodesDynamically,29,12,334,40,277.064069271088,13
AddNodesDynamically,29,13,375,41,277.65190076828,14
AddNodesDynamically,29,14,417,42,332.98898267746,15
