Mode,SimulationRun,Checkpoints,MMASIterations,LocalIterations,BestTourLength,BestTourNodes
AddNodesDynamically,0,4,36,36,256.565565109253,5
AddNodesDynamically,0,5,69,33,256.588640213013,6
AddNodesDynamically,0,6,103,34,264.307968139648,7
AddNodesDynamically,0,7,139,36,301.999273300171,8
AddNodesDynamically,0,8,187,48,310.0350522995,9
AddNodesDynamically,0,9,225,38,312.825763225555,10
AddNodesDynamically,0,10,264,39,328.382112026215,11
AddNodesDynamically,0,11,313,49,338.031381130219,12
AddNodesDynamically,0,12,353,40,342.672900676727,13
AddNodesDynamically,0,13,394,41,345.340487957001,14
AddNodesDynamically,0,14,436,42,368.70788526535,15
AddNodesDynamically,1,4,31,31,231.971895575523,5
AddNodesDynamically,1,5,64,33,236.395966410637,6
AddNodesDynamically,1,6,98,34,263.868615031242,7
AddNodesDynamically,1,7,134,36,269.397133708,8
AddNodesDynamically,1,8,171,37,269.577954173088,9
AddNodesDynamically,1,9,209,38,269.595044016838,10
AddNodesDynamically,1,10,248,39,292.917126536369,11
AddNodesDynamically,1,11,287,39,297.971772074699,12
AddNodesDynamically,1,12,327,40,298.02843940258,13
AddNodesDynamically,1,13,368,41,314.386860728264,14
AddNodesDynamically,1,14,410,42,326.69167983532,15
AddNodesDynamically,2,4,32,32,273.130695343018,5
AddNodesDynamically,2,5,65,33,277.299175262451,6
AddNodesDynamically,2,6,99,34,282.903437614441,7
AddNodesDynamically,2,7,140,41,288.512910842896,8
AddNodesDynamically,2,8,177,37,288.616258621216,9
AddNodesDynamically,2,9,215,38,301.061231613159,10
AddNodesDynamically,2,10,254,39,312.007665634155,11
AddNodesDynamically,2,11,293,39,312.064029693604,12
AddNodesDynamically,2,12,333,40,319.255451202393,13
AddNodesDynamically,2,13,374,41,319.533548355103,14
AddNodesDynamically,2,14,416,42,372.253680229187,15
AddNodesDynamically,3,4,32,32,249.829337120056,5
AddNodesDynamically,3,5,65,33,275.131388664246,6
AddNodesDynamically,3,6,99,34,275.42294216156,7
AddNodesDynamically,3,7,135,36,277.957852363586,8
AddNodesDynamically,3,8,172,37,319.069947242737,9
AddNodesDynamically,3,9,210,38,320.329803466797,10
AddNodesDynamically,3,10,248,38,321.183832406998,11
AddNodesDynamically,3,11,287,39,321.33322930336,12
AddNodesDynamically,3,12,327,40,323.410512208939,13
AddNodesDynamically,3,13,368,41,330.386803865433,14
AddNodesDynamically,3,14,411,43,342.782099962234,15
AddNodesDynamically,4,4,32,32,267.616687774658,5
AddNodesDynamically,4,5,65,33,268.484021186829,6
AddNodesDynamically,4,6,99,34,268.844058036804,7
AddNodesDynamically,4,7,135,36,273.834865093231,8
AddNodesDynamically,4,8,173,38,287.731830120087,9
AddNodesDynamically,4,9,211,38,310.768549442291,10
AddNodesDynamically,4,10,250,39,310.888178825378,11
AddNodesDynamically,4,11,289,39,314.082983970642,12
AddNodesDynamically,4,12,329,40,314.574782371521,13
AddNodesDynamically,4,13,370,41,316.510249137878,14
AddNodesDynamically,4,14,411,41,317.508013725281,15
AddNodesDynamically,5,4,31,31,276.498672485352,5
AddNodesDynamically,5,5,64,33,276.674617767334,6
AddNodesDynamically,5,6,98,34,281.43967628479,7
AddNodesDynamically,5,7,134,36,282.523819923401,8
AddNodesDynamically,5,8,171,37,283.185389518738,9
AddNodesDynamically,5,9,209,38,290.089701652527,10
AddNodesDynamically,5,10,248,39,314.252516746521,11
AddNodesDynamically,5,11,310,62,329.397540092468,12
AddNodesDynamically,5,12,350,40,331.593509674072,13
AddNodesDynamically,5,13,391,41,341.79700088501,14
AddNodesDynamically,5,14,432,41,341.897027492523,15
AddNodesDynamically,6,4,31,31,232.552261352539,5
AddNodesDynamically,6,5,64,33,260.626974105835,6
AddNodesDynamically,6,6,98,34,295.335046768188,7
AddNodesDynamically,6,7,134,36,309.550870895386,8
AddNodesDynamically,6,8,171,37,309.637920379639,9
AddNodesDynamically,6,9,209,38,310.096510410309,10
AddNodesDynamically,6,10,248,39,320.006000995636,11
AddNodesDynamically,6,11,290,42,343.828012943268,12
AddNodesDynamically,6,12,330,40,347.366134166718,13
AddNodesDynamically,6,13,371,41,349.582515239716,14
AddNodesDynamically,6,14,412,41,356.154529094696,15
AddNodesDynamically,7,4,52,52,184.413457870483,5
AddNodesDynamically,7,5,90,38,190.271083831787,6
AddNodesDynamically,7,6,124,34,191.863264560699,7
AddNodesDynamically,7,7,160,36,233.647718906403,8
AddNodesDynamically,7,8,197,37,258.345621585846,9
AddNodesDynamically,7,9,235,38,294.513449192047,10
AddNodesDynamically,7,10,274,39,316.362499713898,11
AddNodesDynamically,7,11,316,42,321.136426448822,12
AddNodesDynamically,7,12,356,40,322.217755794525,13
AddNodesDynamically,7,13,397,41,324.202879428864,14
AddNodesDynamically,7,14,438,41,361.038141727448,15
AddNodesDynamically,8,4,31,31,253.415746688843,5
AddNodesDynamically,8,5,64,33,287.779302597046,6
AddNodesDynamically,8,6,98,34,290.107402801514,7
AddNodesDynamically,8,7,133,35,299.105197906494,8
AddNodesDynamically,8,8,170,37,300.971035003662,9
AddNodesDynamically,8,9,211,41,339.176654815674,10
AddNodesDynamically,8,10,249,38,349.645237445831,11
AddNodesDynamically,8,11,288,39,359.446426868439,12
AddNodesDynamically,8,12,328,40,359.456862449646,13
AddNodesDynamically,8,13,369,41,363.776390552521,14
AddNodesDynamically,8,14,410,41,366.287090778351,15
AddNodesDynamically,9,4,31,31,329.693035125732,5
AddNodesDynamically,9,5,64,33,329.747786521912,6
AddNodesDynamically,9,6,98,34,342.280299186707,7
AddNodesDynamically,9,7,136,38,359.848307609558,8
AddNodesDynamically,9,8,173,37,364.348258018494,9
AddNodesDynamically,9,9,211,38,366.244916915894,10
AddNodesDynamically,9,10,249,38,366.633577346802,11
AddNodesDynamically,9,11,288,39,372.583539962769,12
AddNodesDynamically,9,12,328,40,380.83770275116,13
AddNodesDynamically,9,13,369,41,380.898564338684,14
AddNodesDynamically,9,14,410,41,399.807377815247,15
AddNodesDynamically,10,4,32,32,259.794195175171,5
AddNodesDynamically,10,5,65,33,260.950391054153,6
AddNodesDynamically,10,6,109,44,260.959225893021,7
AddNodesDynamically,10,7,301,192,261.527374505997,8
AddNodesDynamically,10,8,474,173,263.349843263626,9
AddNodesDynamically,10,9,560,86,262.623021364212,10
AddNodesDynamically,10,10,599,39,263.968514680862,11
AddNodesDynamically,10,11,663,64,288.42764210701,12
AddNodesDynamically,10,12,703,40,290.592191934586,13
AddNodesDynamically,10,13,744,41,292.553585290909,14
AddNodesDynamically,10,14,785,41,319.957393884659,15
AddNodesDynamically,11,4,334,334,265.507862091064,5
AddNodesDynamically,11,5,374,40,288.275260925293,6
AddNodesDynamically,11,6,408,34,291.75390625,7
AddNodesDynamically,11,7,455,47,354.800779342651,8
AddNodesDynamically,11,8,492,37,367.996320724487,9
AddNodesDynamically,11,9,547,55,368.340311050415,10
AddNodesDynamically,11,10,645,98,371.320728302002,11
AddNodesDynamically,11,11,684,39,372.59969997406,12
AddNodesDynamically,11,12,804,120,379.78321647644,13
AddNodesDynamically,11,13,845,41,387.938329696655,14
AddNodesDynamically,11,14,886,41,388.146404266357,15
AddNodesDynamically,12,4,32,32,197.414077758789,5
AddNodesDynamically,12,5,65,33,216.207777023315,6
AddNodesDynamically,12,6,99,34,221.772758483887,7
AddNodesDynamically,12,7,135,36,224.470139980316,8
AddNodesDynamically,12,8,172,37,245.165788173676,9
AddNodesDynamically,12,9,210,38,249.876287460327,10
AddNodesDynamically,12,10,249,39,258.625888824463,11
AddNodesDynamically,12,11,291,42,262.440956115723,12
AddNodesDynamically,12,12,331,40,287.878111839294,13
AddNodesDynamically,12,13,372,41,324.38671207428,14
AddNodesDynamically,12,14,414,42,324.447725296021,15
AddNodesDynamically,13,4,31,31,215.835552215576,5
AddNodesDynamically,13,5,64,33,235.244827270508,6
AddNodesDynamically,13,6,98,34,235.302613735199,7
AddNodesDynamically,13,7,134,36,236.736623287201,8
AddNodesDynamically,13,8,171,37,247.764400005341,9
AddNodesDynamically,13,9,217,46,257.23121213913,10
AddNodesDynamically,13,10,256,39,258.471867084503,11
AddNodesDynamically,13,11,315,59,266.447825908661,12
AddNodesDynamically,13,12,355,40,274.798672199249,13
AddNodesDynamically,13,13,410,55,349.573978900909,14
AddNodesDynamically,13,14,451,41,368.217948436737,15
AddNodesDynamically,14,4,31,31,253.415746688843,5
AddNodesDynamically,14,5,64,33,287.779302597046,6
AddNodesDynamically,14,6,98,34,290.107402801514,7
AddNodesDynamically,14,7,133,35,299.105197906494,8
AddNodesDynamically,14,8,170,37,300.971035003662,9
AddNodesDynamically,14,9,211,41,339.176654815674,10
AddNodesDynamically,14,10,249,38,349.645237445831,11
AddNodesDynamically,14,11,288,39,359.446426868439,12
AddNodesDynamically,14,12,328,40,359.456862449646,13
AddNodesDynamically,14,13,369,41,363.776390552521,14
AddNodesDynamically,14,14,410,41,366.287090778351,15
AddNodesDynamically,15,4,42,42,173.193445205688,5
AddNodesDynamically,15,5,285,243,203.42102432251,6
AddNodesDynamically,15,6,320,35,255.84429359436,7
AddNodesDynamically,15,7,356,36,256.203016281128,8
AddNodesDynamically,15,8,396,40,263.287072181702,9
AddNodesDynamically,15,9,434,38,264.75547504425,10
AddNodesDynamically,15,10,473,39,269.852256298065,11
AddNodesDynamically,15,11,512,39,282.554553508759,12
AddNodesDynamically,15,12,552,40,295.027923107147,13
AddNodesDynamically,15,13,593,41,326.166255474091,14
AddNodesDynamically,15,14,635,42,335.746768474579,15
AddNodesDynamically,16,4,33,33,205.705173492432,5
AddNodesDynamically,16,5,66,33,205.774774551392,6
AddNodesDynamically,16,6,100,34,226.390571594238,7
AddNodesDynamically,16,7,136,36,230.511745452881,8
AddNodesDynamically,16,8,173,37,253.362405776978,9
AddNodesDynamically,16,9,211,38,256.069227218628,10
AddNodesDynamically,16,10,250,39,256.087404251099,11
AddNodesDynamically,16,11,289,39,256.186515808105,12
AddNodesDynamically,16,12,329,40,262.389709472656,13
AddNodesDynamically,16,13,370,41,262.697658538818,14
AddNodesDynamically,16,14,412,42,302.681053161621,15
AddNodesDynamically,17,4,66,66,211.689302444458,5
AddNodesDynamically,17,5,566,500,222.655086517334,6
AddNodesDynamically,17,6,1066,500,229.631887435913,7
AddNodesDynamically,17,7,1566,500,247.618844032288,8
AddNodesDynamically,17,8,1604,38,248.524638175964,9
AddNodesDynamically,17,9,1642,38,284.031832695007,10
AddNodesDynamically,17,10,1683,41,293.218939781189,11
AddNodesDynamically,17,11,1722,39,313.974076271057,12
AddNodesDynamically,17,12,1762,40,323.707045555115,13
AddNodesDynamically,17,13,1803,41,324.017018318176,14
AddNodesDynamically,17,14,1844,41,337.054404258728,15
AddNodesDynamically,18,4,31,31,279.994773864746,5
AddNodesDynamically,18,5,64,33,280.187602043152,6
AddNodesDynamically,18,6,98,34,289.390355110168,7
AddNodesDynamically,18,7,135,37,296.917109489441,8
AddNodesDynamically,18,8,184,49,303.629830360413,9
AddNodesDynamically,18,9,222,38,304.106200695038,10
AddNodesDynamically,18,10,260,38,321.509430408478,11
AddNodesDynamically,18,11,361,101,343.577131748199,12
AddNodesDynamically,18,12,401,40,347.164806842804,13
AddNodesDynamically,18,13,605,204,348.734768390656,14
AddNodesDynamically,18,14,646,41,358.821210384369,15
AddNodesDynamically,19,4,31,31,190.387932777405,5
AddNodesDynamically,19,5,69,38,282.45299243927,6
AddNodesDynamically,19,6,109,40,335.027737617493,7
AddNodesDynamically,19,7,145,36,339.516011238098,8
AddNodesDynamically,19,8,182,37,340.347640037537,9
AddNodesDynamically,19,9,220,38,345.016512870789,10
AddNodesDynamically,19,10,258,38,347.197878837585,11
AddNodesDynamically,19,11,297,39,347.862708091736,12
AddNodesDynamically,19,12,337,40,351.18211555481,13
AddNodesDynamically,19,13,378,41,363.986724853516,14
AddNodesDynamically,19,14,419,41,373.514901161194,15
AddNodesDynamically,20,4,31,31,221.025003433228,5
AddNodesDynamically,20,5,64,33,223.518968582153,6
AddNodesDynamically,20,6,98,34,228.555771827698,7
AddNodesDynamically,20,7,134,36,240.102258682251,8
AddNodesDynamically,20,8,171,37,249.491548538208,9
AddNodesDynamically,20,9,209,38,287.883478164673,10
AddNodesDynamically,20,10,248,39,297.848638534546,11
AddNodesDynamically,20,11,287,39,305.676126480103,12
AddNodesDynamically,20,12,327,40,327.966586112976,13
AddNodesDynamically,20,13,368,41,335.62016582489,14
AddNodesDynamically,20,14,409,41,337.079384803772,15
AddNodesDynamically,21,4,32,32,257.585458278656,5
AddNodesDynamically,21,5,65,33,257.592765331268,6
AddNodesDynamically,21,6,99,34,262.438956737518,7
AddNodesDynamically,21,7,135,36,265.179172039032,8
AddNodesDynamically,21,8,172,37,273.270200252533,9
AddNodesDynamically,21,9,210,38,279.25315618515,10
AddNodesDynamically,21,10,248,38,324.452233791351,11
AddNodesDynamically,21,11,289,41,327.147333145142,12
AddNodesDynamically,21,12,329,40,329.16109085083,13
AddNodesDynamically,21,13,370,41,331.240477561951,14
AddNodesDynamically,21,14,411,41,332.256374359131,15
AddNodesDynamically,22,4,331,331,213.241672515869,5
AddNodesDynamically,22,5,366,35,295.66543006897,6
AddNodesDynamically,22,6,400,34,304.325654983521,7
AddNodesDynamically,22,7,436,36,309.602841377258,8
AddNodesDynamically,22,8,473,37,318.422936439514,9
AddNodesDynamically,22,9,511,38,318.566922187805,10
AddNodesDynamically,22,10,550,39,344.723471641541,11
AddNodesDynamically,22,11,589,39,359.740275382996,12
AddNodesDynamically,22,12,629,40,383.12778377533,13
AddNodesDynamically,22,13,670,41,386.04457950592,14
AddNodesDynamically,22,14,712,42,392.171472072601,15
AddNodesDynamically,23,4,31,31,329.693035125732,5
AddNodesDynamically,23,5,64,33,329.747786521912,6
AddNodesDynamically,23,6,98,34,342.280299186707,7
AddNodesDynamically,23,7,138,40,359.848307609558,8
AddNodesDynamically,23,8,175,37,364.348258018494,9
AddNodesDynamically,23,9,213,38,366.244916915894,10
AddNodesDynamically,23,10,251,38,366.633577346802,11
AddNodesDynamically,23,11,290,39,372.583539962769,12
AddNodesDynamically,23,12,330,40,380.83770275116,13
AddNodesDynamically,23,13,371,41,380.898564338684,14
AddNodesDynamically,23,14,412,41,399.807377815247,15
AddNodesDynamically,24,4,31,31,329.693035125732,5
AddNodesDynamically,24,5,64,33,329.747786521912,6
AddNodesDynamically,24,6,98,34,342.280299186707,7
AddNodesDynamically,24,7,136,38,359.848307609558,8
AddNodesDynamically,24,8,173,37,364.348258018494,9
AddNodesDynamically,24,9,211,38,366.244916915894,10
AddNodesDynamically,24,10,249,38,366.633577346802,11
AddNodesDynamically,24,11,288,39,372.583539962769,12
AddNodesDynamically,24,12,328,40,380.83770275116,13
AddNodesDynamically,24,13,369,41,380.898564338684,14
AddNodesDynamically,24,14,410,41,399.807377815247,15
AddNodesDynamically,25,4,31,31,230.020239830017,5
AddNodesDynamically,25,5,64,33,239.827142715454,6
AddNodesDynamically,25,6,101,37,289.143301010132,7
AddNodesDynamically,25,7,148,47,292.678787231445,8
AddNodesDynamically,25,8,201,53,315.150968551636,9
AddNodesDynamically,25,9,239,38,315.603223800659,10
AddNodesDynamically,25,10,277,38,341.10396194458,11
AddNodesDynamically,25,11,316,39,343.834265232086,12
AddNodesDynamically,25,12,356,40,343.875023365021,13
AddNodesDynamically,25,13,397,41,344.335155963898,14
AddNodesDynamically,25,14,438,41,350.627268314362,15
AddNodesDynamically,26,4,35,35,221.025003433228,5
AddNodesDynamically,26,5,68,33,223.518968582153,6
AddNodesDynamically,26,6,102,34,228.555771827698,7
AddNodesDynamically,26,7,138,36,240.102258682251,8
AddNodesDynamically,26,8,175,37,249.491548538208,9
AddNodesDynamically,26,9,213,38,287.883478164673,10
AddNodesDynamically,26,10,252,39,297.848638534546,11
AddNodesDynamically,26,11,291,39,305.676126480103,12
AddNodesDynamically,26,12,338,47,327.966586112976,13
AddNodesDynamically,26,13,379,41,335.62016582489,14
AddNodesDynamically,26,14,420,41,337.079384803772,15
AddNodesDynamically,27,4,32,32,259.794195175171,5
AddNodesDynamically,27,5,65,33,260.950391054153,6
AddNodesDynamically,27,6,114,49,260.959225893021,7
AddNodesDynamically,27,7,290,176,262.273596048355,8
AddNodesDynamically,27,8,327,37,266.3345682621,9
AddNodesDynamically,27,9,449,122,262.623021364212,10
AddNodesDynamically,27,10,488,39,263.968514680862,11
AddNodesDynamically,27,11,565,77,288.42764210701,12
AddNodesDynamically,27,12,622,57,290.507752656937,13
AddNodesDynamically,27,13,663,41,292.553585290909,14
AddNodesDynamically,27,14,709,46,319.957393884659,15
AddNodesDynamically,28,4,31,31,221.025003433228,5
AddNodesDynamically,28,5,64,33,223.518968582153,6
AddNodesDynamically,28,6,98,34,228.555771827698,7
AddNodesDynamically,28,7,134,36,240.102258682251,8
AddNodesDynamically,28,8,171,37,249.491548538208,9
AddNodesDynamically,28,9,209,38,287.883478164673,10
AddNodesDynamically,28,10,248,39,297.848638534546,11
AddNodesDynamically,28,11,287,39,305.676126480103,12
AddNodesDynamically,28,12,327,40,327.966586112976,13
AddNodesDynamically,28,13,368,41,335.62016582489,14
AddNodesDynamically,28,14,410,42,337.079384803772,15
AddNodesDynamically,29,4,31,31,215.835552215576,5
AddNodesDynamically,29,5,64,33,235.244827270508,6
AddNodesDynamically,29,6,98,34,235.302613735199,7
AddNodesDynamically,29,7,134,36,236.736623287201,8
AddNodesDynamically,29,8,171,37,247.764400005341,9
AddNodesDynamically,29,9,211,40,257.23121213913,10
AddNodesDynamically,29,10,250,39,258.471867084503,11
AddNodesDynamically,29,11,289,39,266.447825908661,12
AddNodesDynamically,29,12,329,40,274.798672199249,13
AddNodesDynamically,29,13,370,41,357.649816036224,14
AddNodesDynamically,29,14,480,110,363.347052097321,15
